-0.000182671298
-0.000722564687
-0.001290530970
-0.001523004628
-0.000892570967
0.000436169316
0.001606526773
0.001513700144
-0.000105408638
-0.002111095405
-0.002607012821
-0.000634818857
0.002549965600
0.004081980638
0.001945530803
-0.002717013761
-0.005886317734
-0.003979073816
0.002391580281
0.007948721156
0.006910606953
-0.001293338012
-0.010166795546
-0.010970546426
-0.000963554833
0.012410057037
0.016534264021
0.004988908361
-0.014530576789
-0.024377887091
-0.011973637080
0.016377305544
0.036517207083
0.025001657373
-0.017811417359
-0.060054914444
-0.056309915512
0.018720703562
0.145574302300
0.265310744424
0.314301125825
0.265310744424
0.145574302300
0.018720703562
-0.056309915512
-0.060054914444
-0.017811417359
0.025001657373
0.036517207083
0.016377305544
-0.011973637080
-0.024377887091
-0.014530576789
0.004988908361
0.016534264021
0.012410057037
-0.000963554833
-0.010970546426
-0.010166795546
-0.001293338012
0.006910606953
0.007948721156
0.002391580281
-0.003979073816
-0.005886317734
-0.002717013761
0.001945530803
0.004081980638
0.002549965600
-0.000634818857
-0.002607012821
-0.002111095405
-0.000105408638
0.001513700144
0.001606526773
0.000436169316
-0.000892570967
-0.001523004628
-0.001290530970
-0.000722564687
-0.000182671298
